"species","x","y","bio2","bio3","bio8","bio9","bio18","bio19"
"species",1,1,9.17458343505859,44.5044059753418,10.9106664657593,18.5561676025391,190,311
"species",2,2,10.702166557312,47.402961730957,7.44733333587646,17.6353340148926,108,298
"species",3,3,7.85208368301392,48.098518371582,11.8333339691162,17.9791660308838,115,185
"species",4,4,8.92045497894287,47.7610130310059,9.96628761291504,18.2420444488525,152,294
"species",5,5,10.1382493972778,47.0845680236816,11.578332901001,16.1321659088135,154,188
"species",6,6,13.1645002365112,51.5224456787109,9.78016662597656,20.019832611084,70,147
"species",7,7,11.5334997177124,50.1805610656738,8.99283313751221,18.1876659393311,88,214
"species",8,8,7.85925006866455,45.5344734191895,19.531665802002,12.7748336791992,297,255
"species",9,9,13.1824998855591,51.936408996582,9.6443338394165,19.6491661071777,69,147
"species",10,10,9.21125030517578,43.4554405212402,9.71366691589355,17.8941669464111,200,340
"species",11,11,12.0314168930054,48.807014465332,8.70466709136963,19.7016658782959,86,192
"species",12,12,8.79183387756348,42.5919647216797,9.32916641235352,17.4148330688477,210,358
"species",13,13,9.00458335876465,46.2485008239746,10.1471662521362,18.480167388916,165,291
"species",14,14,8.94558334350586,49.9502105712891,9.98449993133545,17.6106662750244,87,339
"species",15,15,10.0437498092651,47.461254119873,11.6648330688477,16.0221672058105,156,178
"species",16,16,7.90574073791504,46.4739837646484,10.3985185623169,18.0151844024658,150,312
"species",17,17,10.1413335800171,45.0786018371582,9.4394998550415,13.6371669769287,193,209
"species",18,18,9.78750038146973,45.5996055603027,6.65450000762939,16.6728324890137,121,334
"species",19,19,6.62083339691162,45.3792572021484,10.2600002288818,17.1208343505859,151,349
"species",20,20,7.12101793289185,43.0822601318359,9.92851829528809,18.0209255218506,147,253
"species",21,21,9.79183387756348,47.919319152832,12.3256664276123,16.4576663970947,146,164
"species",22,22,5.78503084182739,41.0825424194336,9.18271636962891,16.2179012298584,182,406
"species",23,23,10.741250038147,48.8816299438477,12.4344997406006,16.8568344116211,145,154
"species",24,24,9.18916702270508,46.6478843688965,20.0030002593994,11.2323331832886,351,300
"species",25,25,9.50699996948242,48.1684188842773,11.712833404541,17.6434993743896,127,166
"species",26,26,8.51176452636719,48.3703804016113,11.8009805679321,18.3426475524902,121,178
"species",27,27,6.18888902664185,44.7929229736328,10.4444446563721,16.6805553436279,151,334
"species",28,28,8.92691707611084,42.8437156677246,7.41616678237915,17.179500579834,198,361
"species",29,29,8.94050025939941,45.473274230957,10.456000328064,17.7133331298828,209,320
"species",30,30,11.6446666717529,50.521354675293,9.06166648864746,18.201000213623,90,207
"species",31,31,6.4902777671814,47.6059494018555,10.5666666030884,16.8444442749023,103,316
"species",32,32,9.84333324432373,51.0413970947266,9.69733333587646,17.8033332824707,128,292
"species",33,33,8.57857131958008,47.0426979064941,11.9904766082764,18.8023815155029,123,174
"species",34,34,12.9124994277954,51.0476379394531,9.77099990844727,19.9150009155273,69,136
"species",35,35,12.9819164276123,50.963436126709,9.93016624450684,20.1443328857422,68,129
"species",36,36,10.8385829925537,48.2830696105957,8.23816680908203,17.5230007171631,109,231
"species",37,37,8.75625038146973,50.8315925598145,9.99783325195312,17.3673324584961,94,317
"species",38,38,10.1528329849243,46.4788208007812,9.22449970245361,17.1604995727539,137,219
"species",39,39,10.5351667404175,48.3663864135742,13.1624994277954,17.3568344116211,125,126
"species",40,40,11.1804170608521,48.0258445739746,8.0319995880127,18.4096660614014,96,246
"species",41,41,9.17533397674561,49.9229202270508,9.84916687011719,17.6919994354248,133,309
"species",42,42,8.74033355712891,48.1906242370605,9.72316646575928,17.3718338012695,135,286
"species",43,43,10.7714166641235,46.9567832946777,9.41916656494141,17.7045001983643,114,210
"species",44,44,9.16281223297119,50.7143363952637,10.0397911071777,17.8370838165283,127,319
"species",45,45,8.3932056427002,49.5196838378906,10.0635900497437,17.468204498291,140,346
"species",46,46,13.2030000686646,52.9794158935547,9.49366664886475,19.8661670684814,67,188
"species",47,47,9.49241638183594,50.5911483764648,9.94299983978271,17.7469997406006,85,322
"species",48,48,9.87154865264893,49.917423248291,11.8616161346436,17.7084178924561,118,165
"species",49,49,9.80841636657715,46.5648345947266,11.4511671066284,15.996166229248,154,192
"species",50,50,11.914083480835,48.5872650146484,9.54983329772949,19.7576675415039,83,181
"species",51,51,9.41174983978271,51.5373420715332,10.2891664505005,17.5026664733887,107,295
"species",52,52,9.87941646575928,45.5818786621094,6.9593334197998,17.1251659393311,115,317
"species",53,53,10.3114995956421,48.4471893310547,12.2785005569458,16.6294994354248,141,163
"species",54,54,7.70585584640503,49.3196105957031,10.5810813903809,17.5504512786865,102,310
"species",55,55,12.2595834732056,52.4160232543945,10.1933326721191,19.7794990539551,67,209
"species",56,56,9.12758350372314,44.126579284668,6.19500017166138,15.7709999084473,175,352
"species",57,57,13.3299169540405,52.8001136779785,9.16083335876465,19.7693328857422,71,168
"species",58,58,13.4700002670288,52.7263488769531,9.41866683959961,20.0851669311523,65,178
"species",59,59,13.3076667785645,53.1011009216309,9.26133346557617,19.7474994659424,70,180
"species",60,60,10.7796669006348,49.7584342956543,12.9868335723877,17.3408336639404,128,147
"species",61,61,9.48524951934814,47.1551055908203,11.3664999008179,18.4405002593994,170,291
"species",62,62,9.59683322906494,45.3858299255371,7.00099992752075,16.8535003662109,114,300
"species",63,63,12.6753330230713,46.010139465332,21.533332824707,9.07216644287109,218,138
"species",64,64,7.56603384017944,47.8786201477051,11.2162446975708,18.2227840423584,62,309
"species",65,65,10.1110172271729,49.3669319152832,15.6144065856934,17.2926559448242,141,148
"species",66,66,6.79070997238159,43.3570556640625,15.1325130462646,12.8674869537354,356,284
"species",67,67,7.48026275634766,47.4739036560059,11.1504383087158,17.2857456207275,131,236
"species",68,68,9.69766616821289,49.4778938293457,11.2776670455933,18.3618335723877,121,187
"species",69,69,7.66633319854736,46.6605796813965,9.75466632843018,16.9053325653076,153,347
"species",70,70,10.673999786377,47.8354377746582,16.0808334350586,6.37599992752075,265,171
"species",71,71,9.65391635894775,46.6981887817383,19.0049991607666,9.80099964141846,269,218
"species",72,72,9.47475051879883,47.1052513122559,19.5795001983643,10.6196670532227,267,211
"species",73,73,12.5725002288818,52.9056549072266,10.1811666488647,19.7008323669434,68,213
"species",74,74,8.55591678619385,50.6987228393555,10.0030002593994,17.2656669616699,101,323
"species",75,75,9.5959997177124,46.8989791870117,18.2644996643066,9.15566635131836,236,197
"species",76,76,10.6058330535889,49.8534965515137,12.8740005493164,16.6650009155273,148,164
"species",77,77,10.2562294006348,50.5509643554688,13.3473062515259,18.4803028106689,141,180
"species",78,78,7.92950439453125,48.939395904541,11.6698198318481,17.8027019500732,120,200
"species",79,79,8.73558330535889,43.007007598877,9.9456672668457,17.7150001525879,206,350
"species",80,80,13.2348337173462,52.3695526123047,9.1961669921875,19.799165725708,73,182
"species",81,81,9.79549980163574,50.3210716247559,9.89966678619385,17.9104995727539,83,316
"species",82,82,11.8367500305176,49.1947555541992,9.03666687011719,18.9503326416016,95,212
"species",83,83,7.4202127456665,43.3795623779297,11.1328010559082,17.8423767089844,154,259
"species",84,84,10.4959163665771,50.5973625183105,13.2763328552246,17.1126670837402,147,181
"species",85,85,11.9427499771118,49.1067047119141,8.55683326721191,19.3256664276123,91,222
"species",86,86,9.53699970245361,46.0546646118164,11.2145004272461,15.5718326568604,221,263
"species",87,87,10.7764167785645,47.1491813659668,8.25233364105225,18.6749992370605,90,226
"species",88,88,10.2728338241577,47.2162246704102,9.31949996948242,15.7154998779297,149,204
"species",89,89,10.1046667098999,46.7095031738281,7.71833324432373,17.0034999847412,117,281
"species",90,90,9.52891635894775,48.9214324951172,9.89333343505859,17.9541664123535,171,323
"species",91,91,7.41250038146973,46.9806327819824,10.0451850891113,17.276481628418,156,382
"species",92,92,12.560583114624,52.7600440979004,10.0780000686646,19.8068332672119,69,212
"species",93,93,11.1274995803833,49.3568420410156,8.61250019073486,17.7893333435059,96,231
"species",94,94,9.14775657653809,46.5170478820801,11.4913463592529,18.4637813568115,162,272
"species",95,95,8.45116710662842,47.71435546875,9.72916698455811,17.2049999237061,144,320
"species",96,96,9.05224990844727,46.2888641357422,18.3313331604004,9.46516704559326,384,321
"species",97,97,9.42825031280518,47.3068199157715,17.7928333282471,9.0131664276123,300,181
"species",98,98,6.54444456100464,44.0209274291992,10.1285715103149,16.905158996582,164,324
"species",99,99,8.57075023651123,50.1418685913086,9.90416622161865,17.1631660461426,113,340
"species",100,100,8.8658332824707,46.5985145568848,18.9008331298828,10.3509998321533,270,228
"species",101,101,11.226749420166,50.0300788879395,21.2026672363281,12.013500213623,317,147
"species",102,102,11.5375003814697,50.4746704101562,21.1891670227051,11.8968334197998,351,151
"species",103,103,12.2006664276123,47.2454566955566,8.61066627502441,18.505500793457,119,211
"species",104,104,7.23555564880371,45.134464263916,10.1572217941284,17.5612964630127,158,341
"species",105,105,10.6623334884644,51.7890701293945,10.0410003662109,17.9291667938232,83,251
"species",106,106,8.13449382781982,46.8112640380859,9.73966217041016,17.7751064300537,153,336
"species",107,107,10.1665830612183,49.9537315368652,12.6941661834717,16.5839996337891,157,206
"species",108,108,12.6401662826538,51.4769554138184,9.45716667175293,19.1700000762939,71,192
"species",109,109,10.6139163970947,46.7800102233887,13.3776664733887,19.5375003814697,152,174
"species",110,110,10.3581590652466,50.7856636047363,13.2791662216187,18.4375,145,192
"species",111,111,10.3284168243408,45.9530906677246,6.67950010299683,16.7308330535889,157,281
"species",112,112,9.86200046539307,47.5254173278809,14.0568332672119,15.7210006713867,198,185
"species",113,113,7.63649988174438,46.3858299255371,9.71766662597656,16.9426670074463,150,338
"species",114,114,10.5622501373291,47.1507987976074,11.2390003204346,15.4394998550415,166,185
"species",115,115,7.50773048400879,44.4086151123047,18.8491973876953,12.1102409362793,340,231
"species",116,116,9.71599960327148,47.6554832458496,19.5520000457764,10.5833330154419,267,213
"species",117,117,9.68559265136719,49.930103302002,10.3550844192505,18.2514133453369,159,238
"species",118,118,9.08883285522461,46.9852828979492,19.8999996185303,11.2484998703003,314,261
"species",119,119,6.09700012207031,44.2709846496582,9.98733329772949,16.6606674194336,171,382
"species",120,120,8.83166694641113,47.4846305847168,18.466833114624,11.4551668167114,295,247
"species",121,121,9.19458293914795,47.3849906921387,19.329833984375,10.6934995651245,282,235
"species",122,122,9.14608287811279,47.9530410766602,19.1434993743896,12.094500541687,299,237
"species",123,123,10.8109998703003,48.7091674804688,16.736499786377,7.3808331489563,225,165
"species",124,124,10.8150835037231,47.357723236084,8.40116691589355,18.7415008544922,92,224
"species",125,125,6.80014133453369,43.3785667419434,15.3234462738037,13.0347461700439,357,287
"species",126,126,10.7130832672119,50.5715789794922,18.2323341369629,9.5,274,155
"species",127,127,13.0933332443237,52.9579925537109,10.0069999694824,20.2063331604004,64,195
"species",128,128,10.1336669921875,50.6253051757812,10.1383333206177,18.2023334503174,159,226
"species",129,129,8.27422714233398,46.5005798339844,19.1061859130859,12.3223371505737,303,258
"species",130,130,7.50250005722046,44.0661125183105,13.347222328186,19.1714820861816,219,245
"species",131,131,9.85341644287109,50.5277519226074,17.166332244873,10.2776670455933,248,181
"species",132,132,9.73091697692871,46.1333961486816,6.87066650390625,16.5895004272461,112,310
"species",133,133,10.18274974823,44.8322525024414,17.4323329925537,7.29083299636841,305,189
"species",134,134,10.0000829696655,47.3197555541992,8.39016723632812,17.2076663970947,123,199
"species",135,135,7.05035448074341,43.9070701599121,10.5063829421997,18.3546104431152,79,333
"species",136,136,11.8871669769287,50.6203079223633,8.99766635894775,18.3001670837402,90,221
"species",137,137,9.10824966430664,50.255184173584,9.88116645812988,17.4781665802002,85,332
"species",138,138,10.5057497024536,48.5815048217773,14.8956661224365,9.27050018310547,190,182
"species",139,139,11.168833732605,49.3257675170898,12.7604999542236,16.7776660919189,164,167
"species",140,140,9.1069164276123,47.8404922485352,18.6545009613037,11.5721664428711,294,242
"species",141,141,12.7531661987305,51.1046562194824,9.61116695404053,19.5384998321533,69,172
"species",142,142,10.5543336868286,47.6149635314941,11.4195003509521,16.0096664428711,148,184
"species",143,143,9.19075012207031,46.2637176513672,19.3333339691162,10.3561668395996,294,239
"species",144,144,8.06422424316406,46.1540336608887,20.9551734924316,12.9853448867798,330,281
"species",145,145,12.2749996185303,52.6236839294434,19.2584991455078,10.335000038147,240,145
"species",146,146,11.3009166717529,47.8832130432129,18.1294994354248,6.62849998474121,356,194
"species",147,147,12.6108331680298,52.4904632568359,9.78566646575928,19.5725002288818,77,225
"species",148,148,12.9932498931885,51.0079307556152,9.63183307647705,19.8308334350586,70,163
"species",149,149,9.9243335723877,47.5371627807617,7.75616645812988,16.5986671447754,109,284
"species",150,150,9.44233322143555,43.5612373352051,7.96816682815552,17.8640003204346,187,353
"species",151,151,11.458083152771,48.004035949707,8.17116641998291,18.9361667633057,97,241
"species",152,152,13.0699996948242,53.1279220581055,10.0066661834717,20.103666305542,65,203
"species",153,153,11.0249996185303,43.4448509216309,7.5145001411438,19.716667175293,185,283
"species",154,154,9.81949996948242,47.0665740966797,17.4145011901855,8.2073335647583,253,173
"species",155,155,9.61425018310547,44.2400588989258,17.1666660308838,7.26816654205322,415,220
"species",156,156,9.35883331298828,46.519702911377,10.6075000762939,17.8495006561279,205,302
"species",157,157,11.6665830612183,49.2988929748535,8.92449951171875,18.6601676940918,89,231
"species",158,158,8.86874961853027,46.1001663208008,19.0354995727539,10.3251667022705,256,212
"species",159,159,11.3162498474121,47.6754722595215,19.3980007171631,9.29183387756348,209,163
"species",160,160,10.4855833053589,45.066333770752,17.7336673736572,7.40083312988281,270,177
"species",161,161,10.5979166030884,48.8811264038086,8.41533374786377,17.320499420166,102,227
"species",162,162,10.5682497024536,48.4670906066895,8.21633338928223,17.3023338317871,98,263
"species",163,163,12.8379163742065,52.8439826965332,9.99199962615967,19.9828338623047,69,210
"species",164,164,8.6117639541626,48.4768218994141,24.6715679168701,18.518627166748,489,251
"species",165,165,10.2065000534058,50.283275604248,24.291332244873,16.0806655883789,590,207
"species",166,166,8.07791614532471,47.696720123291,10.7426662445068,17.1963329315186,136,240
"species",167,167,13.1518335342407,52.0617256164551,9.07383346557617,19.7234992980957,72,172
"species",168,168,11.3680830001831,50.0620193481445,15.1926670074463,8.91249942779541,164,141
"species",169,169,12.0542497634888,45.1013946533203,8.08916664123535,18.30299949646,182,258
"species",170,170,8.54489803314209,45.8397216796875,21.6920070648193,13.2557830810547,375,276
"species",171,171,11.6519165039062,46.5722694396973,9.37033367156982,18.3854999542236,116,184
"species",172,172,10.7160396575928,52.4715232849121,18.1173839569092,11.2109317779541,264,155
"species",173,173,7.35916662216187,44.870231628418,8.86833381652832,16.4329986572266,165,346
"species",174,174,10.6145830154419,48.9489669799805,21.5690002441406,12.4886665344238,307,152
"species",175,175,11.1260833740234,44.584587097168,20.5851669311523,11.3098335266113,221,162
"species",176,176,10.8517503738403,49.036376953125,21.5676670074463,12.4406671524048,308,169
"species",177,177,9.57591724395752,46.3926963806152,17.7285003662109,8.56799983978271,230,183
"species",178,178,9.55533313751221,44.4516792297363,9.74166679382324,17.9965000152588,175,273
"species",179,179,9.65691661834717,45.4871253967285,17.9444999694824,8.36066627502441,433,204
"species",180,180,8.28446960449219,46.331958770752,18.8549251556396,15.5509471893311,313,282
"species",181,181,11.6064167022705,46.5000686645508,9.33183288574219,20.093334197998,91,157
"species",182,182,12.6838331222534,50.6725006103516,14.9646663665771,8.43533325195312,171,145
"species",183,183,10.0695829391479,45.0117721557617,17.1730003356934,6.30633354187012,369,206
"species",184,184,13.3306665420532,46.2757911682129,8.70283317565918,21.8871669769287,150,221
"species",185,185,12.5042505264282,45.3990135192871,8.86083316802979,18.9648342132568,134,226
"species",186,186,8.5035514831543,50.2389030456543,9.91666698455811,17.2546443939209,112,351
"species",187,187,8.53874969482422,50.1895599365234,9.67800045013428,16.9930000305176,119,359
"species",188,188,9.81691646575928,50.7045974731445,9.88266658782959,17.8276672363281,84,309
"species",189,189,9.58908367156982,48.9413757324219,21.6841659545898,13.1375007629395,349,201
"species",190,190,11.4698333740234,50.0014533996582,8.91616725921631,18.1396675109863,84,223
"species",191,191,12.9157495498657,47.9711380004883,11.1885004043579,15.7568330764771,210,233
"species",192,192,12.0924167633057,50.477611541748,8.78283309936523,18.3888339996338,85,229
"species",193,193,9.61028671264648,49.9033126831055,11.1770830154419,18.880729675293,201,274
"species",194,194,8.90233325958252,45.7962493896484,11.8133335113525,18.8818340301514,152,223
"species",195,195,12.7090835571289,46.7108306884766,9.77266693115234,17.3366661071777,164,194
"species",196,196,12.7607498168945,51.4940872192383,9.58749961853027,19.349666595459,74,209
"species",197,197,9.82541656494141,46.7454032897949,9.44933319091797,17.0796661376953,130,222
"species",198,198,14.148250579834,53.2329368591309,10.4138336181641,20.8400001525879,61,149
"species",199,199,9.00766658782959,46.9320411682129,19.1940002441406,10.7233333587646,253,198
"species",200,200,12.7179164886475,51.7072563171387,9.64916610717773,19.3158340454102,75,212
"species",201,201,9.55066680908203,48.5643577575684,11.8543329238892,17.1383323669434,177,252
"species",202,202,10.708833694458,49.813159942627,8.55366706848145,17.2813339233398,100,230
"species",203,203,10.1980838775635,47.452808380127,8.15583324432373,17.1761665344238,102,264
"species",204,204,12.9057502746582,53.2327575683594,9.92066669464111,19.7376670837402,72,217
"species",205,205,11.8773326873779,52.8492202758789,10.3346662521362,19.3861656188965,69,251
"species",206,206,8.48758506774902,49.7716178894043,10.1030616760254,17.6040821075439,133,339
"species",207,207,8.86041641235352,47.2404365539551,11.0526666641235,19.0556678771973,203,284
"species",208,208,12.5839996337891,51.4409523010254,17.8636665344238,9.23166656494141,171,144
"species",209,209,12.1893339157104,50.4817924499512,8.85533332824707,18.5381660461426,86,226
"species",210,210,10.4219999313354,44.2416229248047,7.47783327102661,16.4726676940918,173,274
"species",211,211,8.73791599273682,51.1977272033691,9.55483341217041,16.7970008850098,114,346
"species",212,212,9.32108306884766,51.2851905822754,9.9196662902832,17.5020008087158,96,309
"species",213,213,11.0943336486816,50.6798820495605,10.2521667480469,17.5018329620361,94,193
"species",214,214,9.58174991607666,51.4843368530273,10.4251661300659,17.7450008392334,100,263
"species",215,215,11.6812505722046,49.1242256164551,8.87066650390625,18.5936660766602,99,204
"species",216,216,11.9878330230713,50.3690490722656,9.04183292388916,18.5896663665771,83,220
"species",217,217,8.19425010681152,46.1310043334961,12.7448329925537,10.5638332366943,228,232
"species",218,218,8.90433311462402,49.7476577758789,9.85750007629395,17.6286659240723,138,336
"species",219,219,12.950083732605,51.6577568054199,9.59683322906494,19.5235004425049,71,182
"species",220,220,12.83424949646,46.1364936828613,8.20800018310547,18.6504993438721,178,251
"species",221,221,8.15721321105957,45.3103408813477,21.629602432251,13.4383087158203,381,281
"species",222,222,9.44875049591064,44.2564430236816,16.7441673278809,6.59583330154419,437,163
"species",223,223,12.5378332138062,45.6651840209961,8.77600002288818,21.2086658477783,140,239
"species",224,224,10.4761667251587,48.7694549560547,17.2178325653076,8.06216716766357,277,163
"species",225,225,13.585916519165,47.1585845947266,8.85066699981689,19.3668327331543,154,226
"species",226,226,9.1877498626709,48.514892578125,13.9525003433228,10.5316667556763,227,201
"species",227,227,10.0190000534058,41.5346984863281,4.14516687393188,14.0048332214355,234,416
"species",228,228,7.71841669082642,47.6533699035645,9.90133285522461,17.2308330535889,154,363
"species",229,229,11.0367498397827,51.8717422485352,9.70366668701172,18.3468341827393,80,262
"species",230,230,8.58798980712891,45.6130065917969,22.2595596313477,13.6708335876465,362,255
"species",231,231,10.4396667480469,49.5804862976074,12.997166633606,16.7124996185303,149,152
"species",232,232,8.31116676330566,47.4435806274414,9.48066711425781,16.9945011138916,146,315
"species",233,233,11.0053329467773,46.3694839477539,8.81116676330566,17.4383335113525,162,248
"species",234,234,13.2027502059937,47.948974609375,12.8066663742065,17.4300003051758,166,175
"species",235,235,8.04166698455811,46.740291595459,9.59866619110107,17.00950050354,145,318
"species",236,236,10.1245613098145,48.7209815979004,15.8400583267212,17.4175434112549,146,152
"species",237,237,9.0195837020874,50.4394569396973,10.1066665649414,17.8223323822021,125,320
"species",238,238,8.16100025177002,47.7279357910156,10.0201663970947,17.2630004882812,148,335
"species",239,239,10.7496662139893,46.3048324584961,8.77916717529297,17.4769992828369,157,251
"species",240,240,9.72649955749512,45.2816543579102,11.4574995040894,19.2708339691162,169,242
"species",241,241,12.8430833816528,50.3176765441895,9.20250034332275,19.5526657104492,88,209
"species",242,242,12.0428333282471,48.4679565429688,18.7843341827393,8.4084997177124,204,156
"species",243,243,12.113166809082,48.1694297790527,18.736499786377,8.01733303070068,190,150
"species",244,244,12.2878332138062,48.5838737487793,18.3651657104492,7.77683353424072,185,151
"species",245,245,8.90200042724609,48.8771781921387,9.85916709899902,17.3870010375977,147,330
"species",246,246,8.78874969482422,49.2863960266113,9.82133293151855,17.521167755127,145,341
"species",247,247,7.93766689300537,47.8489723205566,9.83549976348877,17.2983341217041,159,377
"species",248,248,12.4001665115356,46.0561828613281,21.1704998016357,12.4371662139893,227,137
"species",249,249,9.90066623687744,48.3643531799316,23.5083332061768,15.0723333358765,408,162
"species",250,250,11.2620830535889,47.1374664306641,17.0149993896484,10.0773334503174,178,153
"species",251,251,9.43256759643555,51.1075134277344,23.6731796264648,15.9526824951172,573,261
"species",252,252,10.6899995803833,51.1385345458984,22.7656669616699,14.361499786377,529,176
"species",253,253,10.7758331298828,48.7660484313965,22.1578330993652,12.8899993896484,276,149
"species",254,254,8.87358283996582,47.373779296875,18.6983337402344,13.7243328094482,314,267
"species",255,255,9.44941711425781,49.2824478149414,19.2456665039062,12.2986660003662,295,237
"species",256,256,14.189416885376,48.7558555603027,13.7513332366943,23.5013332366943,71,87
"species",257,257,10.4241666793823,46.6343078613281,18.2245006561279,8.43499946594238,227,187
"species",258,258,12.7579164505005,47.6468353271484,9.33300018310547,16.4785003662109,179,169
"species",259,259,7.68901538848877,44.8042221069336,21.6284084320068,13.6799240112305,372,290
"species",260,260,7.59571409225464,44.4416618347168,21.2321434020996,13.1783332824707,383,271
"species",261,261,10.9222497940063,48.1220016479492,17.3568325042725,7.61749982833862,217,184
"species",262,262,11.8004999160767,48.5437507629395,8.69533348083496,19.5436668395996,88,200
"species",263,263,9.19250011444092,48.2469940185547,9.73699951171875,18.1445007324219,153,322
"species",264,264,10.7441663742065,46.8665924072266,18.4395008087158,8.48566627502441,229,170
"species",265,265,11.6148338317871,50.7952156066895,9.93916702270508,17.7350006103516,102,199
"species",266,266,7.72224998474121,45.8674850463867,12.3338327407837,10.0570001602173,240,240
"species",267,267,9.34766674041748,46.8484268188477,14.8035001754761,9.15933322906494,218,213
"species",268,268,10.7134160995483,50.0650367736816,17.4011669158936,10.1996669769287,199,170
"species",269,269,11.2939167022705,43.9042015075684,11.070333480835,18.4866676330566,187,205
"species",270,270,11.3622493743896,43.9256591796875,8.6875,18.5849990844727,191,212
"species",271,271,13.0907497406006,53.2837448120117,10.5004997253418,19.9306659698486,69,203
"species",272,272,8.9868335723877,46.4004211425781,19.325834274292,10.8055000305176,305,181
"species",273,273,11.8369169235229,45.5528831481934,22.4403324127197,9.32983303070068,222,126
"species",274,274,13.4570837020874,47.0297164916992,22.0655002593994,9.2810001373291,214,135
"species",275,275,11.9920835494995,45.5159339904785,22.2438335418701,8.95916652679443,227,133
"species",276,276,11.8945837020874,47.4852638244629,18.5869998931885,7.73050022125244,189,155
"species",277,277,12.4060831069946,45.6861839294434,21.1370010375977,12.4183330535889,222,149
"species",278,278,12.377833366394,46.5122261047363,23.1103324890137,13.5769996643066,256,156
"species",279,279,12.7910833358765,52.1489028930664,21.7161674499512,12.3298330307007,307,142
"species",280,280,11.8269166946411,48.8412818908691,8.45083332061768,19.2290000915527,96,218
"species",281,281,10.7289161682129,51.9107627868652,9.52333354949951,17.970832824707,80,253
"species",282,282,10.8843336105347,52.3788909912109,10.0518341064453,17.9711666107178,77,255
"species",283,283,11.1893339157104,45.953971862793,11.0873336791992,8.77866649627686,186,168
"species",284,284,10.5238332748413,46.5738754272461,9.62116622924805,20.0581665039062,73,306
"species",285,285,12.5501661300659,45.6635360717773,21.5711669921875,9.12650012969971,211,136
"species",286,286,13.9790000915527,47.7033882141113,22.3268337249756,9.3881664276123,217,131
"species",287,287,10.0863332748413,49.576473236084,18.9646663665771,10.5050001144409,329,179
"species",288,288,13.8804998397827,47.7978668212891,24.4861660003662,10.2519998550415,245,127
"species",289,289,10.2198333740234,48.2158584594727,16.8589992523193,7.77116632461548,241,166
"species",290,290,10.3261671066284,50.6209487915039,17.9794998168945,9.49149990081787,264,166
"species",291,291,10.335000038147,49.5469589233398,16.7196674346924,7.82966661453247,270,163
"species",292,292,9.02316665649414,46.9883155822754,18.3821659088135,11.3343334197998,317,191
"species",293,293,9.76183319091797,48.4578475952148,10.234167098999,18.5013332366943,160,299
"species",294,294,11.4968338012695,52.4275321960449,9.4146671295166,17.9274997711182,105,215
"species",295,295,10.7956666946411,52.0850410461426,9.97833347320557,18.3564987182617,72,282
"species",296,296,11.4046669006348,47.4048843383789,18.388334274292,7.0789999961853,209,151
"species",297,297,10.9664993286133,49.8115005493164,23.6070003509521,14.6358337402344,455,128
"species",298,298,11.7018327713013,49.7759704589844,9.06716632843018,18.5979995727539,88,227
"species",299,299,9.03425025939941,45.8754386901855,18.1696662902832,9.36699962615967,275,184
"species",300,300,11.2143335342407,43.3052711486816,11.4878330230713,19.3386669158936,168,179
"species",301,301,13.0149164199829,45.9128532409668,12.0258331298828,20.4346656799316,136,145
"species",302,302,11.8226661682129,43.7827911376953,11.9294996261597,20.1790008544922,140,152
"species",303,303,10.4166669845581,41.7551879882812,11.5088329315186,19.2276668548584,183,176
"species",304,304,11.2113332748413,50.2705307006836,13.1188335418701,17.0639991760254,142,170
"species",305,305,13.1686668395996,45.6611213684082,11.9056663513184,20.3579998016357,125,142
"species",306,306,8.80691719055176,46.1505889892578,22.6529998779297,14.356499671936,441,186
"species",307,307,8.92666625976562,46.6997985839844,22.5694999694824,14.3489999771118,454,192
"species",308,308,8.3343334197998,46.816837310791,21.3931674957275,13.298999786377,665,264
"species",309,309,8.75083351135254,46.8409881591797,20.8058338165283,12.3723335266113,606,214
"species",310,310,9.56725025177002,50.3592491149902,23.0623321533203,15.119833946228,622,261
"species",311,311,9.78275012969971,50.3460960388184,22.3951663970947,14.228666305542,668,225
"species",312,312,9.77783393859863,49.9633827209473,19.1870002746582,11.0415000915527,307,175
"species",313,313,9.40391635894775,45.4624900817871,8.90316677093506,15.4415006637573,164,237
"species",314,314,11.9985837936401,47.9617195129395,19.1569995880127,11.9223337173462,309,138
"species",315,315,14.3160839080811,50.6172714233398,21.8733329772949,17.1665000915527,257,149
"species",316,316,10.4205837249756,49.9285278320312,12.6646671295166,16.4356670379639,153,174
"species",317,317,8.84291648864746,45.9300689697266,20.6350002288818,12.0714998245239,660,238
"species",318,318,9.83716678619385,50.9038391113281,9.63983345031738,17.2013339996338,101,282
"species",319,319,9.31133365631104,46.5962753295898,20.4403343200684,11.2845001220703,439,135
"species",320,320,13.7251663208008,48.1720008850098,22.5195007324219,9.88300037384033,256,134
"species",321,321,13.9604997634888,48.4689102172852,22.0714988708496,9.47299957275391,256,144
"species",322,322,10.2024993896484,49.7537307739258,17.3968334197998,8.73900032043457,260,166
"species",323,323,11.3404998779297,48.7155799865723,21.7101669311523,10.9573335647583,283,133
"species",324,324,9.68341636657715,47.767448425293,14.3239994049072,15.9231672286987,214,221
"species",325,325,9.53483390808105,48.8439826965332,16.5448341369629,9.49266719818115,253,190
"species",326,326,8.67074966430664,46.4595718383789,13.0495004653931,18.0313339233398,218,248
"species",327,327,8.73025035858154,46.5389938354492,13.6535005569458,18.5496673583984,211,256
"species",328,328,13.9617500305176,48.8976631164551,21.6865005493164,9.25883293151855,270,158
"species",329,329,10.3109169006348,51.4131965637207,9.81766700744629,18.0071678161621,83,291
"species",330,330,10.1921663284302,49.5848579406738,15.4770002365112,17.0071659088135,189,186
"species",331,331,13.029333114624,45.9507446289062,8.63016700744629,19.2653331756592,145,175
"species",332,332,10.5441665649414,49.491512298584,15.4098329544067,16.8883323669434,196,195
"species",333,333,10.3944997787476,49.1140594482422,15.2305002212524,16.7321662902832,208,215
"species",334,334,11.9554166793823,52.4613494873047,9.99066638946533,19.1576671600342,69,246
"species",335,335,14.1511669158936,48.5243873596191,22.2996673583984,9.55783367156982,248,142
"species",336,336,14.0613327026367,48.6029968261719,22.3228340148926,9.66149997711182,242,138
"species",337,337,13.8125829696655,48.1761474609375,22.4471664428711,9.74499988555908,255,135
"species",338,338,13.2126665115356,47.1763000488281,23.9911670684814,10.0843334197998,251,132
"species",339,339,13.3481664657593,47.2836227416992,22.7395000457764,10.0045003890991,252,130
"species",340,340,13.9551668167114,48.189395904541,22.9395008087158,10.1651668548584,236,131
"species",341,341,9.94146823883057,50.0259590148926,13.3970241546631,17.1847229003906,142,178
"species",342,342,9.38650035858154,48.9262466430664,10.8131666183472,18.736665725708,221,303
"species",343,343,8.85833358764648,47.4926719665527,11.0206670761108,18.9696674346924,208,294
"species",344,344,7.22336626052856,45.7402153015137,9.05817031860352,16.5258178710938,125,281
"species",345,345,8.58924961090088,48.6808586120605,9.114333152771,16.5396671295166,154,272
"species",346,346,8.24722194671631,52.7540893554688,14.6999998092651,15.1444444656372,169,186
"species",347,347,8.59411811828613,51.8085098266602,14.673529624939,14.9036769866943,167,187
"species",348,348,9.91722202301025,51.366828918457,9.77666664123535,14.5233335494995,159,177
"species",349,349,7.76698732376099,50.5739212036133,9.37884616851807,16.1365394592285,165,437
"species",350,350,9.74824523925781,53.2793159484863,15.2888889312744,15.3815784454346,169,175
"species",351,351,8.84960746765137,48.6903114318848,9.13294124603271,17.1037254333496,115,208
"species",352,352,7.89783906936646,46.8662986755371,9.31851863861084,17.0691356658936,127,289
"species",353,353,7.47101068496704,46.0901069641113,8.86063861846924,16.4840431213379,127,280
"species",354,354,9.77812480926514,53.5106964111328,15.4922618865967,15.63303565979,178,197
"species",355,355,8.22943782806396,48.4751129150391,9.89913368225098,17.1476192474365,154,216
"species",356,356,9.11574077606201,51.7939796447754,15.5458335876465,15.6902780532837,181,223
"species",357,357,9.97774791717529,53.0311164855957,15.4989356994629,15.4225177764893,168,171
"species",358,358,9.03733348846436,52.0493774414062,14.0673332214355,14.1490001678467,166,190
"species",359,359,9.10608291625977,50.5584526062012,6.28316640853882,13.0191669464111,166,223
"species",360,360,9.37608337402344,51.7215538024902,14.1006660461426,14.1013336181641,164,190
"species",361,361,9.5180835723877,51.5298728942871,14.0863332748413,14.0301666259766,157,188
"species",362,362,9.84166717529297,53.5667152404785,15.6212120056152,15.721212387085,170,183
"species",363,363,9.58425045013428,51.6392784118652,8.8444995880127,16.2596664428711,197,279
"species",364,364,8.48888874053955,48.1371917724609,9.28502368927002,17.1099033355713,131,211
"species",365,365,9.0481128692627,52.3126411437988,14.983962059021,15.1179246902466,169,181
"species",366,366,8.58516693115234,48.9657592773438,9.50433349609375,16.8800010681152,164,233
"species",367,367,8.76424980163574,49.8336868286133,8.79616641998291,16.0771675109863,188,292
"species",368,368,8.94602680206299,48.9164733886719,9.49728679656982,17.464729309082,136,208
"species",369,369,8.02920913696289,46.8189239501953,8.60639762878418,16.5638046264648,131,285
"species",370,370,8.72391605377197,48.9997596740723,9.3953332901001,16.7806663513184,153,247
"species",371,371,8.63224029541016,50.6703872680664,12.8240432739258,14.2762298583984,153,185
"species",372,372,7.61777782440186,47.1883850097656,10.5924072265625,17.1725921630859,132,225
"species",373,373,7.35486125946045,46.168270111084,10.5932874679565,17.1743049621582,138,229
"species",374,374,7.45472240447998,46.6600608825684,10.9741668701172,17.4974994659424,137,214
"species",375,375,7.03068161010742,45.8840103149414,11.1545448303223,17.5416660308838,140,212
"species",376,376,7.81838226318359,47.2872009277344,10.8232841491699,17.5107841491699,149,211
"species",377,377,8.29682159423828,47.7592849731445,10.88694190979,17.8329906463623,134,213
